10
10
0.000000
0.642093
-0.457658
-7.015253
0.863691
-0.295813
-3.436353
1.147515
-0.147065
-2.210845
0.642093
-2.185040
-0.457658
-7.015253
0.863691
-0.295813
-3.436353
1.147515
-0.147065
-2.210845
-0.457658
-0.457658
1.157821
-7.015253
0.863691
-0.295813
-3.436353
1.147515
-0.147065
-2.210845
-7.015253
-7.015253
-7.015253
-0.291006
0.863691
-0.295813
-3.436353
1.147515
-0.147065
-2.210845
0.863691
0.863691
0.863691
0.863691
-6.799711
-0.295813
-3.436353
1.147515
-0.147065
-2.210845
-0.295813
-0.295813
-0.295813
-0.295813
-0.295813
0.648361
-3.436353
1.147515
-0.147065
-2.210845
-3.436353
-3.436353
-3.436353
-3.436353
-3.436353
-3.436353
-0.635860
1.147515
-0.147065
-2.210845
1.147515
1.147515
1.147515
1.147515
1.147515
1.147515
1.147515
7.244607
-0.147065
-2.210845
-0.147065
-0.147065
-0.147065
-0.147065
-0.147065
-0.147065
-0.147065
-0.147065
0.300632
-2.210845
-2.210845
-2.210845
-2.210845
-2.210845
-2.210845
-2.210845
-2.210845
-2.210845
-2.210845
-1.137314
64.000000
-92559631349317830736831783200707727132248687965119994463780864.000000
-92559631349317830736831783200707727132248687965119994463780864.000000
-92559631349317830736831783200707727132248687965119994463780864.000000
-92559631349317830736831783200707727132248687965119994463780864.000000
-92559631349317830736831783200707727132248687965119994463780864.000000
-92559631349317830736831783200707727132248687965119994463780864.000000
-92559631349317830736831783200707727132248687965119994463780864.000000
-92559631349317830736831783200707727132248687965119994463780864.000000
-92559631349317830736831783200707727132248687965119994463780864.000000
-92559631349317830736831783200707727132248687965119994463780864.000000
-92559631349317830736831783200707727132248687965119994463780864.000000
-92559631349317830736831783200707727132248687965119994463780864.000000
-92559631349317830736831783200707727132248687965119994463780864.000000
-92559631349317830736831783200707727132248687965119994463780864.000000
-92559631349317830736831783200707727132248687965119994463780864.000000
-92559631349317830736831783200707727132248687965119994463780864.000000
-92559631349317830736831783200707727132248687965119994463780864.000000
-92559631349317830736831783200707727132248687965119994463780864.000000
-92559631349317830736831783200707727132248687965119994463780864.000000
-92559631349317830736831783200707727132248687965119994463780864.000000
-92559631349317830736831783200707727132248687965119994463780864.000000
-92559631349317830736831783200707727132248687965119994463780864.000000
-92559631349317830736831783200707727132248687965119994463780864.000000
-92559631349317830736831783200707727132248687965119994463780864.000000
-92559631349317830736831783200707727132248687965119994463780864.000000
-92559631349317830736831783200707727132248687965119994463780864.000000
-92559631349317830736831783200707727132248687965119994463780864.000000
-92559631349317830736831783200707727132248687965119994463780864.000000
-92559631349317830736831783200707727132248687965119994463780864.000000
-92559631349317830736831783200707727132248687965119994463780864.000000
-92559631349317830736831783200707727132248687965119994463780864.000000
-92559631349317830736831783200707727132248687965119994463780864.000000
-92559631349317830736831783200707727132248687965119994463780864.000000
-92559631349317830736831783200707727132248687965119994463780864.000000
-92559631349317830736831783200707727132248687965119994463780864.000000
-92559631349317830736831783200707727132248687965119994463780864.000000
-92559631349317830736831783200707727132248687965119994463780864.000000
-92559631349317830736831783200707727132248687965119994463780864.000000
-92559631349317830736831783200707727132248687965119994463780864.000000
-92559631349317830736831783200707727132248687965119994463780864.000000
-92559631349317830736831783200707727132248687965119994463780864.000000
-92559631349317830736831783200707727132248687965119994463780864.000000
-92559631349317830736831783200707727132248687965119994463780864.000000
-92559631349317830736831783200707727132248687965119994463780864.000000
-92559631349317830736831783200707727132248687965119994463780864.000000
-92559631349317830736831783200707727132248687965119994463780864.000000
-92559631349317830736831783200707727132248687965119994463780864.000000
-92559631349317830736831783200707727132248687965119994463780864.000000
-92559631349317830736831783200707727132248687965119994463780864.000000
-92559631349317830736831783200707727132248687965119994463780864.000000
-92559631349317830736831783200707727132248687965119994463780864.000000
-92559631349317830736831783200707727132248687965119994463780864.000000
-92559631349317830736831783200707727132248687965119994463780864.000000
-92559631349317830736831783200707727132248687965119994463780864.000000
-92559631349317830736831783200707727132248687965119994463780864.000000
-92559631349317830736831783200707727132248687965119994463780864.000000
-92559631349317830736831783200707727132248687965119994463780864.000000
-92559631349317830736831783200707727132248687965119994463780864.000000
-92559631349317830736831783200707727132248687965119994463780864.000000
-92559631349317830736831783200707727132248687965119994463780864.000000
-92559631349317830736831783200707727132248687965119994463780864.000000
-92559631349317830736831783200707727132248687965119994463780864.000000
-92559631349317830736831783200707727132248687965119994463780864.000000
-92559631349317830736831783200707727132248687965119994463780864.000000
